100 111
23 0
0 13
13 0
14 24
24 1
1 9
9 8
8 17
17 26
26 12
18 10
10 8
28 29
29 5
27 28
28 27
27 28
28 19
7 11
11 20
20 11
11 20
21 22
22 30
30 25
25 16
16 9
31 5
5 31
32 9
9 32
13 33
33 34
18 35
27 36
12 37
11 38
39 2
40 16
41 32
42 32
31 43
44 8
39 45
7 15
46 19
40 47
4 48
49 3
15 26
49 14
0 39
11 14
4 5
3 28
11 45
20 46
17 35
3 4
5 41
30 23
50 9
51 16
52 51
46 53
38 54
55 5
56 15
57 7
58 25
59 1
9 60
39 61
62 0
40 63
46 64
65 56
66 19
67 5
45 68
19 69
70 7
17 71
27 72
73 37
74 47
57 75
67 76
77 12
15 78
55 79
80 8
81 18
82 28
38 83
48 84
85 58
86 68
87 78
88 89
89 21
90 9
19 91
29 92
39 93
49 94
95 59
96 69
97 79
98 89
99 0